time,x,y,z,phi,theta,psi,x_velocity,y_velocity,z_velocity,phi_velocity,theta_velocity,psi_velocity,rotor_speed1,rotor_speed2,rotor_speed3,rotor_speed4
0.06,-7.16989081206e-07,-6.19929868535e-08,10.0019545328,6.28307941403,0.00058859567019,0.0,-5.72265472199e-05,-6.94548373111e-06,0.0651489962683,-0.00555177942519,0.0244488411019,0.0,424.54033058142255,426.6325003837562,426.04797986039307,425.5731677107748
0.12000000000000001,-1.97751959468e-05,-3.55835342705e-06,10.0064594534,6.2823824151,0.00180476216738,0.0,-0.000700495950242,-0.000152271405093,0.0850133902488,-0.0279127266839,0.0102256572821,0.0,411.15606087858646,409.8942573081293,411.85759344422394,409.87552972546285
0.18,-0.000103381545028,-3.66205746068e-05,10.0156083393,6.28092873993,0.00232189269117,0.0,-0.00214717170106,-0.00111651692787,0.219932006788,-0.0177242098007,0.00519419245489,0.0,448.34509355631593,447.93607020103565,447.16214865973126,447.9911187066977
0.23999999999999996,-0.000278110117499,-0.000150975415166,10.0304373798,6.27951347607,0.00262310423007,0.0,-0.00370627996149,-0.00280970584439,0.27435698961,-0.0391319814025,0.00466988571484,0.0,423.2766745554785,423.2314704563517,422.1778607262209,420.32681991903826
0.3,-0.000559509172018,-0.00040916364798,10.0513037631,6.27785985484,0.00251710255407,0.0,-0.00568837438263,-0.00600717482357,0.421144850942,-0.011010480997,-0.0195148606823,0.0,452.6129042919267,450.66264959674794,450.43418469403156,452.7019664166744
0.36000000000000004,-0.000943521533011,-0.000870679643162,10.0774893095,6.27733044623,0.000980388894065,0.0,-0.00699171078056,-0.00943091447556,0.451694787803,-0.00477359051996,-0.0420269446661,0.0,414.80382150427846,412.82218718323804,414.86830769867595,415.41559085324945
0.4200000000000001,-0.00137228302235,-0.00154097905215,10.1045980368,6.27684683207,6.28186243906,0.0,-0.00709062929706,-0.0129451417372,0.451929200767,-0.0156126549876,-0.0319559108585,0.0,403.78609117367415,404.6925616330711,404.71332176681346,403.7368111844186
0.48000000000000015,-0.0017623932985,-0.00246207007649,10.1362213718,6.27555574913,6.28106333173,0.0,-0.00578024022386,-0.0178751123886,0.602113263831,-0.0372167178218,0.00957860427903,0.0,450.76045721585547,454.10394547708347,454.00283510463476,452.2663252835108
0.5400000000000001,-0.0020678622554,-0.00369982033196,10.1752224584,6.27312285871,6.28168478617,0.0,-0.00446284210056,-0.0236182988871,0.697866954191,-0.0482175701117,0.0118716924342,0.0,435.0092320721933,435.20105897259185,437.25316170193463,436.3349514734389
0.6000000000000002,-0.00230932087324,-0.00531989128632,10.2186309279,6.2706616244,6.28205587644,0.0,-0.00364051532782,-0.0306347275999,0.749046776223,-0.0295378878939,-0.00872446476752,0.0,423.2900363281692,421.514073533062,420.0919930886188,421.7073124268468
0.6600000000000003,-0.00249876971472,-0.00746899878012,10.2701998706,6.26958814135,6.28207538996,0.0,-0.00264962392652,-0.0411627626251,0.969754524837,-0.00126244106029,0.0140885901567,0.0,473.74889928492894,475.49954369874183,472.8329428697391,475.00596655330736
0.7200000000000003,-0.0026359578287,-0.010253498343,10.3338405966,6.26939720646,6.28314265229,0.0,-0.00203357396209,-0.0516665938255,1.15143726433,-0.0073288024141,0.0243141665221,0.0,461.99520377179783,462.80057690222424,463.982221253076,463.5058340659794
0.7800000000000004,-0.00276410781188,-0.0136940540602,10.4098425172,6.26923128492,0.00181587663356,0.0,-0.002442281983,-0.0630504280451,1.38170974849,0.00507911854734,0.0417599564112,0.0,477.48934103114215,478.81849170139753,476.9402872948175,477.8869605993998
0.8400000000000004,-0.00295923459237,-0.0177639712694,10.4957223711,6.26915911739,0.00534370899677,0.0,-0.00438167675249,-0.0725954017893,1.48082779439,-0.0183365449019,0.0804117972534,0.0,436.5616980233775,439.77684545410875,439.88318335997434,437.9400500065087
0.9000000000000005,-0.00334948671256,-0.0224071626525,10.5871180069,6.26823542926,0.0110932565813,0.0,-0.00916398791802,-0.0822764970863,1.56557537429,-0.0100797093513,0.11605148751,0.0,432.88228718525124,435.8782456879365,433.7581956198821,434.4510724168365
0.9600000000000005,-0.0042322528665,-0.0277487691132,10.6902850667,6.26717074539,0.0177338850188,0.0,-0.0211624606738,-0.0958703425221,1.87286142437,-0.0410832769094,0.0968752598145,0.0,501.66221876490056,500.27715098199883,501.575166615946,499.3186710487612
1.0200000000000005,-0.00588657124761,-0.0338378010827,10.8054417467,6.26483114602,0.0234468639748,0.0,-0.0345603526889,-0.107336872534,1.96552329757,-0.0351116100741,0.0916757635506,0.0,436.9295628201711,436.5037726858049,439.1798676901685,439.6740811934032
1.0800000000000005,-0.00850368298141,-0.040693960867,10.9279130871,6.26305677594,0.0291492414334,0.0,-0.0532845903864,-0.121407232515,2.11656643236,-0.0203202181279,0.101033010506,0.0,456.6189217080915,457.37210762942937,455.6431426390653,456.8237681964845
1.1400000000000006,-0.0121851691207,-0.0483040230362,11.05323573,6.26195028059,0.0354697054466,0.0,-0.0699246195454,-0.132355200386,2.06093863625,-0.0149270096212,0.112797198895,0.0,388.2755551746102,389.38898092375854,389.31904912190146,389.8233255650934
1.2000000000000006,-0.0172649323512,-0.0567599923358,11.1832591447,6.2609127224,0.0430997878086,0.0,-0.100250737538,-0.149615564763,2.2727407016,-0.0225017320284,0.146449671071,0.0,474.23001457082916,476.8206999952444,475.2395393396629,474.6587114472837
1.2600000000000007,-0.0240615076573,-0.0661304631739,11.3194242615,6.25975259023,0.0517551131902,0.0,-0.127054648155,-0.16284097189,2.26606932469,-0.0136557524325,0.13946608643,0.0,406.89496682833084,406.29084289645306,407.35224934578406,408.14249251955897
1.3200000000000007,-0.0327143029583,-0.0763557680799,11.4570133709,6.2593993189,0.0604896647121,0.0,-0.162182137651,-0.178052026879,2.3200754163,0.00632228827804,0.155610459053,0.0,427.5924001842334,428.9859664836088,425.89221548428304,427.5975530351475
1.3800000000000008,-0.0439380763765,-0.0876075846249,11.6025036097,6.25959272166,0.0703595217718,0.0,-0.213055363752,-0.196962128685,2.52908115756,-0.00383460559814,0.178054009532,0.0,475.36021802579523,477.1002882237663,475.7030309682945,474.9246137269664
1.4400000000000008,-0.0583798934998,-0.0999670671864,11.7594722676,6.25929853423,0.0808848356896,0.0,-0.269507252667,-0.215039178198,2.70271294526,-0.0071308160363,0.169565526473,0.0,467.0997376670715,466.46528316175284,466.08727273358244,465.82968374274924
1.5000000000000009,-0.0761239447013,-0.113324854168,11.9229345017,6.25874198397,0.0914208293844,0.0,-0.322923162707,-0.230262120277,2.7458291702,-0.0139538581707,0.185529299113,0.0,426.3368586219536,427.72942529263156,426.34826147039786,425.76502385597786
1.560000000000001,-0.0973810600254,-0.127635300935,12.0900893334,6.25751710636,0.102261064403,0.0,-0.386718504979,-0.246842953742,2.82567992397,-0.038256144121,0.168574787166,0.0,439.67117010528375,438.29601484811474,439.8106921274176,437.79319000173376
1.620000000000001,-0.122371151665,-0.142893197593,12.2590611966,6.25511038953,0.112110313023,0.0,-0.447132927546,-0.261950693152,2.80664713492,-0.0441078488473,0.153410396964,0.0,407.55292957478036,406.2235214907067,407.01973354890276,406.49468187672613
1.680000000000001,-0.151658896736,-0.159225915299,12.4313056318,6.25258420264,0.12128123411,0.0,-0.530062564711,-0.282734724996,2.9343639222,-0.0383691636881,0.151702395186,0.0,455.5544810729703,455.439301345611,453.8804488063495,454.33985431612416
1.740000000000001,-0.186392494692,-0.176926744079,12.6133944044,6.25009122217,0.130040866104,0.0,-0.628704696123,-0.30755092886,3.13455419631,-0.0488187211711,0.131033088685,0.0,478.9878347070675,477.431398346978,477.46895686826326,476.6702608795707
1.8000000000000012,-0.226519353697,-0.195992398329,12.8019647809,6.24676465017,0.137789510474,0.0,-0.709551145476,-0.328241271804,3.15093775937,-0.0739453394014,0.125074372493,0.0,421.6520368703952,421.15317476569817,422.85104966487165,420.6783577753552
1.8600000000000012,-0.272053365206,-0.216474975922,12.9944631731,6.24220345111,0.145082229995,0.0,-0.808975366156,-0.354961763057,3.265175904,-0.0805277780087,0.113349295507,0.0,454.8022329575032,453.8750690984821,453.0013696796058,452.467276827624
1.9200000000000013,-0.323723664339,-0.238662856281,13.1939114047,6.23706719963,0.152087879728,0.0,-0.914040274352,-0.38513169377,3.38256604943,-0.098415314062,0.12282904531,0.0,455.453852993589,456.2232075985482,456.02827642202635,454.591145139184
1.9800000000000013,-0.381561869639,-0.262685081971,13.3985128556,6.23088269723,0.15922419055,0.0,-1.01456789583,-0.416167406554,3.43711618623,-0.114556730314,0.109737670321,0.0,437.0898587327315,436.01033640754815,437.782030603159,436.42719624839725
2.0400000000000014,-0.445648796626,-0.288717322167,13.6068480651,6.22408254492,0.166193994087,0.0,-1.12229330895,-0.45221963356,3.50695475681,-0.11100165352,0.126627166877,0.0,442.3135748025605,443.7143419539537,441.96027027676325,442.24169134670757
2.1000000000000014,-0.516953969441,-0.317262889171,13.8229461071,6.2171997291,0.173460721915,0.0,-1.25530290877,-0.500026415166,3.69541894277,-0.123413609541,0.106828252735,0.0,479.03054830006664,477.5344670364067,482.17589362127666,481.22652527395604
2.1600000000000015,-0.595682760969,-0.348562417866,14.0462130372,6.20959468187,0.179577830299,0.0,-1.36955915666,-0.543976867228,3.74638878482,-0.13442857601,0.0897885046106,0.0,439.74252406072316,438.3376600378364,440.1004114216336,439.17274929409433
2.2200000000000015,-0.680918332241,-0.38245401474,14.2699545482,6.20132958162,0.185324106765,0.0,-1.47211333984,-0.586408403091,3.71154303925,-0.145390951638,0.105635942877,0.0,410.7136755936069,412.1254264680005,412.1938814327388,411.20450708082325
2.2800000000000016,-0.773048073489,-0.419310882426,14.4949431896,6.19292500139,0.191694063783,0.0,-1.59945990634,-0.642954680097,3.7875052463,-0.131148523843,0.10720456837,0.0,449.00267809523683,449.1396704090443,447.6306520343256,448.7700391430002
2.3400000000000016,-0.872342183554,-0.459437108886,14.7213355447,6.18502343731,0.198975881573,0.0,-1.71094697525,-0.695229749541,3.75870260254,-0.132802762544,0.140449898268,0.0,414.3657871961612,417.2920962870817,414.73448237898805,414.5718472370646
2.4000000000000017,-0.977752189254,-0.502484494002,14.9424971603,6.17728736281,0.207557982555,0.0,-1.80338912659,-0.74022737851,3.61354764484,-0.122151255266,0.147754771929,0.0,373.81323502124013,374.5477051630003,372.32637639677176,373.3483614244465
2.4600000000000017,-1.08973639566,-0.548787950407,15.159154455,6.1698032689,0.216170399149,0.0,-1.93018527388,-0.803832482935,3.60798692568,-0.130473692197,0.133407180094,0.0,424.0990427551275,422.8850124327806,423.7289385672163,422.99776021208635
2.520000000000002,-1.21044705356,-0.599535609741,15.3797514147,6.16221760837,0.224289047237,0.0,-2.09427015099,-0.888488955045,3.74428937198,-0.119370617213,0.138865710426,0.0,469.9417180431803,470.3804446475366,469.4595925478037,470.3066856711845
2.580000000000002,-1.34122453089,-0.655539000067,15.6086115263,6.15550597841,0.232604544908,0.0,-2.2657636881,-0.978927698813,3.88335594851,-0.0999840248043,0.138038387698,0.0,472.7037112821973,472.6565039314733,472.3422044081446,473.82454186466475
2.640000000000002,-1.48148250374,-0.716567830497,15.8415877366,6.14957168184,0.240717916772,0.0,-2.41022359917,-1.05584451807,3.88205413513,-0.096831274281,0.128903161856,0.0,430.2267135244046,429.4699802048964,430.0721736500358,430.3303886259818
2.700000000000002,-1.63157743057,-0.78286525881,16.0785106202,6.14346656017,0.248345071594,0.0,-2.59363892225,-1.15458219454,4.0143109249,-0.114056808122,0.12329300998,0.0,473.9824141215772,473.564654963236,474.91387019011495,473.5822351203315
2.760000000000002,-1.79247140083,-0.85500707058,16.32181124,6.1368852518,0.256532428781,0.0,-2.77019326164,-1.25070601411,4.09479954502,-0.102141891064,0.15459421967,0.0,459.9659271543939,462.45423279039875,458.57563083212375,459.51093109800416
2.820000000000002,-1.96399407933,-0.932958220568,16.5693113182,6.13030194626,0.266117845864,0.0,-2.94806516467,-1.34816234498,4.15429489428,-0.132587605121,0.168466485657,0.0,454.30661477903266,455.441098912743,457.2510778069239,454.80791850853944
2.880000000000002,-2.14649824603,-1.01694426708,16.8206797767,6.12256834737,0.276000255347,0.0,-3.13628656308,-1.45200541378,4.22359269196,-0.122380188473,0.155878528269,0.0,460.6785029433149,459.706705047783,460.7166257642796,461.50847240623784
2.940000000000002,-2.34024148941,-1.10715611414,17.0752074734,6.11510774986,0.285386808748,0.0,-3.32262748662,-1.55562696423,4.2597370256,-0.128586256926,0.157545996475,0.0,451.5764431944501,451.7336836043891,453.08014333659855,452.56707979981945
3.000000000000002,-2.54467725428,-1.20332918274,17.3295404938,6.10830583704,0.2947667906,0.0,-3.49269829069,-1.65066306283,4.21745670524,-0.0933135440404,0.153792985665,0.0,428.488440712977,428.1933529268653,426.0758696930412,429.06849472620036
3.0600000000000023,-2.75979810315,-1.30548202086,17.5822527973,6.10259935247,0.303810337967,0.0,-3.67877504165,-1.75482683045,4.20554517439,-0.0989599762168,0.143761097306,0.0,440.944795631315,440.13667772280127,439.0788575138195,438.6022532982025
3.1200000000000023,-2.98699736327,-1.41440152913,17.836469588,6.09687706613,0.312594960004,0.0,-3.89525687959,-1.87622057689,4.26717720478,-0.0890223507085,0.151237126309,0.0,466.0289352396246,466.6319317539327,464.5604005249098,465.33173895360517
3.1800000000000024,-3.22689327411,-1.53042776622,18.0928132298,6.09150539816,0.32145114124,0.0,-4.10202211123,-1.99166930856,4.27665677237,-0.0905576183283,0.139121396296,0.0,452.09193093234757,451.13445867243223,450.81327095445266,450.68260988660296
3.2400000000000024,-3.48039549506,-1.65405423166,18.352620515,6.08570900764,0.330115100657,0.0,-4.34871217596,-2.12954878004,4.38204669476,-0.112824617607,0.153274703872,0.0,483.55942149397924,484.64204273406773,485.0835131635994,483.40082994633246
3.3000000000000025,-3.74757348338,-1.78530532573,18.6148384418,6.07888105298,0.339152046045,0.0,-4.55797030576,-2.24593591896,4.35762259212,-0.11582150053,0.144691008249,0.0,445.0862174381703,444.4042998598101,446.1134436561432,445.857129676334
3.3600000000000025,-4.02829987056,-1.924116661,18.87773304,6.07143385197,0.347473382123,0.0,-4.80022791614,-2.3815615753,4.40413207497,-0.151012969615,0.122654696992,0.0,471.98054333041443,470.2927784895083,472.256311892929,469.51953462029394
3.4200000000000026,-4.32244876172,-2.07045076895,19.1398121398,6.06214262369,0.354344152375,0.0,-5.00536363365,-2.49686337036,4.33109761118,-0.163910588301,0.0885658301803,0.0,435.5069200960207,432.65703334682456,434.1109404629489,433.0035716830457
3.4800000000000026,-4.6300149973,-2.22442283453,19.3999686597,6.05318991525,0.359563959196,0.0,-5.24723697438,-2.63618238055,4.33956940685,-0.129633900418,0.0836603732339,0.0,462.91272135251944,462.53239325660024,462.71444302943354,465.38470276678953
3.5400000000000027,-4.95229046434,-2.38694376632,19.6606954309,6.0457801662,0.364701162947,0.0,-5.49565058344,-2.78166554066,4.35007917594,-0.113421054565,0.089274312769,0.0,466.6263505666189,467.07011660012927,466.0068135812936,467.25948218492704
3.6000000000000028,-5.28947551048,-2.55824014327,19.9216159632,6.03872520727,0.369885132449,0.0,-5.7442520057,-2.92862968324,4.34605788854,-0.12756357096,0.079925739072,0.0,464.5697514221474,463.8417724478203,465.772553636676,464.6530628831803
3.660000000000003,-5.64005859886,-2.73744353328,20.1780650257,6.03093542218,0.374757134225,0.0,-5.94243587701,-3.04534516859,4.20186288236,-0.134792426527,0.0836325410234,0.0,419.11009616135243,419.4379880807273,417.5292676356733,416.88124218241046
3.720000000000003,-6.00484173579,-2.92515097369,20.431154115,6.02334704038,0.37993159782,0.0,-6.21731722243,-3.212013312,4.23284972569,-0.11359379468,0.0910022110042,0.0,479.7600647305617,480.3249262549445,479.3415422255675,480.9365814146926
3.780000000000003,-6.38474855132,-3.12201398265,20.682316484,6.01662500706,0.385471855701,0.0,-6.4467884949,-3.35050295469,4.13839883544,-0.109086126977,0.0948811963272,0.0,440.69267511941626,441.0205239344308,441.046244559943,441.4072383757687
3.840000000000003,-6.78002047937,-3.32823400904,20.9311598696,6.01000893645,0.391206255304,0.0,-6.72930661128,-3.52379690835,4.15472916145,-0.11274040236,0.0969218607358,0.0,481.1652120004067,481.32671875906294,480.58047562239256,480.293586413728
3.900000000000003,-7.19193226049,-3.54465983483,21.1797494437,6.00300041779,0.396977706998,0.0,-7.00150890358,-3.69072929553,4.1301122733,-0.126518341771,0.0946884267726,0.0,471.6903558135883,471.52510517616275,470.87560534424944,469.7967229970318
3.960000000000003,-7.62058787045,-3.7713883016,21.427306562,5.99550374472,0.40226893655,0.0,-7.28736764847,-3.86723763727,4.12010878737,-0.121972272494,0.0701970444482,0.0,479.5241236529386,477.66518854775086,479.72037307587254,480.0526040583507
4.020000000000002,-8.06706318672,-4.00918040276,21.6752827274,5.98779978544,0.40644147483,0.0,-7.5953154188,-4.05947667587,4.14382388761,-0.146079328928,0.0682002906536,0.0,494.81855177103574,494.6746303663951,494.04819441710265,492.25335741786773
4.080000000000001,-8.52985743095,-4.25708959608,21.9194245116,5.97893987501,0.410536659149,0.0,-7.83171810436,-4.20470555382,3.99344171212,-0.151037693723,0.0683583721709,0.0,438.86860914123537,438.88530553053226,438.5709645936325,438.13799585019467
4.14,-9.00826984796,-4.51473445973,22.157265493,5.96994003145,0.414552806504,0.0,-8.1156895421,-4.38391542498,3.93303151703,-0.147996384979,0.0639285689099,0.0,472.74404178851705,472.4055306124248,472.1390870580241,472.3540409997266
4.199999999999998,-9.50190826909,-4.78190338559,22.3871144862,5.96053395541,0.418686450475,0.0,-8.33961521243,-4.52229935518,3.72805858145,-0.186867665501,0.0773249095861,0.0,423.0789980700964,424.2350422510961,425.94283906202594,422.5780672316033
4.259999999999997,-10.0096986882,-5.05791148347,22.605766377,5.94984451884,0.422971612979,0.0,-8.58732243571,-4.67858888435,3.5593267959,-0.164812333513,0.0557296907012,0.0,440.1887461848643,438.40128891058225,438.2791424216439,440.0775156588173
4.319999999999996,-10.5331995432,-5.34395037202,22.8156228248,5.94051145668,0.426857892608,0.0,-8.86315570362,-4.85654239308,3.43454333401,-0.141555873179,0.0785193883951,0.0,456.292382010378,458.1115296370558,457.25310594809275,459.0801261101767
4.379999999999995,-11.0732916501,-5.64071875142,23.0176009635,5.93219905584,0.43124003876,0.0,-9.14043978539,-5.03614655136,3.29670267876,-0.133109269471,0.0588524550968,0.0,457.10501372089936,455.5384136245557,455.9878245676064,456.6450160669839
4.439999999999993,-11.6317488669,-5.94956111824,23.2143420833,5.92412612887,0.435261819875,0.0,-9.4749957392,-5.25882529356,3.25913898977,-0.137591981193,0.0797412169476,0.0,493.8980749631967,495.4395139639182,494.2157221555421,493.87038768168935
4.499999999999992,-12.208230653,-6.27022270412,23.4041740632,5.91656492373,0.440014660602,0.0,-9.74173650855,-5.43031370556,3.067462246,-0.109481134297,0.0781388603024,0.0,445.54329276461476,445.417225008753,443.66273403742207,445.95060763107654
4.559999999999991,-12.8019687793,-6.60210157572,23.5844787642,5.90983931368,0.44495416202,0.0,-10.050023201,-5.63252807027,2.94096682248,-0.117904427324,0.0895982101257,0.0,471.1009316037435,471.9914930805675,472.15436552141523,471.49343663331507
4.6199999999999894,-13.4120824758,-6.94445486312,23.7525091045,5.90282423673,0.450597788082,0.0,-10.2880595137,-5.77975979642,2.65942193559,-0.11501633663,0.101748583623,0.0,417.07255483139056,418.14089064820206,417.4617443352698,417.70057025343846
4.679999999999988,-14.0388261795,-7.29739566233,23.9076289263,5.89579674063,0.456306539994,0.0,-10.6039581152,-5.98512386899,2.50935775814,-0.121711435291,0.0767413298369,0.0,471.28484734262025,469.35422524583737,468.8824516664611,468.3502922628935
4.739999999999987,-14.6839455824,-7.66216937673,24.0520702397,5.88804620145,0.46048588949,0.0,-10.9007094432,-6.17435328185,2.30390182046,-0.151455072033,0.0491502354189,0.0,454.2466145048258,452.03117057127776,455.37001842170724,452.96794430179415
4.799999999999986,-15.3480954226,-8.039223331,24.185909981,5.8786293803,0.463916645364,0.0,-11.2380336106,-6.39443097569,2.15535429189,-0.171144244774,0.0697094812108,0.0,477.0779003109836,478.64757757887384,479.2190842547936,477.69778603533626
4.859999999999984,-16.0328699567,-8.42978228864,24.3109523601,5.86788490783,0.468370197286,0.0,-11.5881518802,-6.62447984499,2.0102966862,-0.203775093511,0.081996060844,0.0,484.1517931306308,485.0794203239622,485.9042099814409,483.42169800891907
4.919999999999983,-16.737762207,-8.83343319227,24.4250487087,5.855644563,0.473489405877,0.0,-11.9088260717,-6.83097073958,1.79082344786,-0.204470283458,0.0912505146118,0.0,463.2503742449209,463.9834121186016,463.77659397720845,463.6830142021492
4.979999999999982,-17.4645373601,-9.25160396187,24.5300171102,5.84422257709,0.478702364738,0.0,-12.3170359506,-7.10808127194,1.70455857901,-0.171340865876,0.0762878735259,0.0,516.2631560900933,515.2109898449247,515.8429850263065,518.1472511212288
5.0399999999999805,-18.2131530825,-9.68421778133,24.6244752497,5.833762553,0.483040029637,0.0,-12.6375325358,-7.31275884902,1.44212701056,-0.181104344491,0.0627953094328,0.0,461.37131706121977,460.3081262412776,462.08097850857155,461.28222005669426
